Density of Separation,Weight %,Cum. Floats Wt%,Fraction Ash %,Cum. Floats Ash%,Cum. Sinks Wt%,Cum. Sinks Ash%,Inst. Ash Floats Yield %
1.3,8,8,2,2,92,31.2,4
1.4,18,26,5,4.1,74,37.6,17
1.5,14,40,9,5.8,60,42.3,33
1.6,12,52,13,7.5,48,52.1,46
1.7,8,60,16,8.6,40,59.3,56
1.8,8,68,21,10.1,32,68.9,64
1.9,5,73,30,11.4,27,76,70.5
2,3,76,37,12.4,24,81,74.5
2.1,24,100,81,28.9,0,,88